00000047
00000012
88888888898800010203040590060000
00000000000000000001000000000000
00000000000000000003000000010000
00000000000000000004000000020000
00000000000000000009000000030000
000000000000000100ff000101000000
00000000000000000000000101010000
00000000000000000000000101020000
000000000000000900ff000101030000
00000000000000000001000102000000
00000000000000000003000102010000
00000000000000000005000102020000
00000000000000000007000102030000
00000000000000000009000102040000
0000000000000000000b000102050000
0000000000000000000d000102060000
0000000000000000000f000102070000
00000000000000000001000100020000
