   7       0 loop0 64 0 2808 45 0 0 0 0 0 68 45 0 0 0 0 0 0
   7       1 loop1 14 0 34 3 0 0 0 0 0 16 3 0 0 0 0 0 0
   7       2 loop2 54 0 2162 56 0 0 0 0 0 64 56 0 0 0 0 0 0
   7       3 loop3 76 0 2274 40 0 0 0 0 0 60 40 0 0 0 0 0 0
   7       4 loop4 43 0 696 31 0 0 0 0 0 56 31 0 0 0 0 0 0
   7       5 loop5 508 0 11034 76 0 0 0 0 0 496 76 0 0 0 0 0 0
   7       6 loop6 45 0 702 30 0 0 0 0 0 48 30 0 0 0 0 0 0
   7       7 loop7 50 0 728 32 0 0 0 0 0 64 32 0 0 0 0 0 0
 259       0 nvme0n1 489 0 31856 130 0 0 0 0 0 124 130 0 0 0 0 0 0
 259       1 nvme0n1p1 60 0 4176 13 0 0 0 0 0 28 13 0 0 0 0 0 0
 259       2 nvme0n1p2 56 0 4160 13 0 0 0 0 0 24 13 0 0 0 0 0 0
 259       3 nvme0n1p3 58 0 4226 8 0 0 0 0 0 20 8 0 0 0 0 0 0
 259       4 nvme0n1p4 58 0 4176 12 0 0 0 0 0 24 12 0 0 0 0 0 0
 259       5 nvme0n1p5 58 0 4176 11 0 0 0 0 0 24 11 0 0 0 0 0 0
 259       6 nvme0n1p6 58 0 4176 10 0 0 0 0 0 28 10 0 0 0 0 0 0
 259       7 nvme0n1p7 56 0 4254 9 0 0 0 0 0 24 9 0 0 0 0 0 0
   8       0 sda 193420 29590 9109243 57283 98687 50103 3259052 34369 0 118896 100328 0 0 0 0 29651 8676
   8       1 sda1 144 0 12912 58 2 0 2 0 0 92 58 0 0 0 0 0 0
   8       2 sda2 193112 29590 9091864 57154 98685 50103 3259050 34368 0 118864 91523 0 0 0 0 0 0
   7       8 loop8 54 0 2174 62 0 0 0 0 0 52 62 0 0 0 0 0 0
   7       9 loop9 402 0 11990 91 0 0 0 0 0 644 91 0 0 0 0 0 0
   7      10 loop10 54 0 2158 159 0 0 0 0 0 84 159 0 0 0 0 0 0
   7      11 loop11 60 0 2264 53 0 0 0 0 0 80 53 0 0 0 0 0 0
   7      12 loop12 58 0 2216 76 0 0 0 0 0 80 76 0 0 0 0 0 0
   7      13 loop13 54 0 2166 119 0 0 0 0 0 72 119 0 0 0 0 0 0
   7      14 loop14 2767 0 69610 291 0 0 0 0 0 900 291 0 0 0 0 0 0
   7      15 loop15 20 0 102 5 0 0 0 0 0 24 5 0 0 0 0 0 0
   7      16 loop16 2840 0 24628 210 0 0 0 0 0 452 210 0 0 0 0 0 0
   7      17 loop17 53 0 2172 56 0 0 0 0 0 60 56 0 0 0 0 0 0
   7      18 loop18 7270 0 104294 491 0 0 0 0 0 4728 491 0 0 0 0 0 0
   7      19 loop19 54 0 2140 81 0 0 0 0 0 84 81 0 0 0 0 0 0
   7      20 loop20 59 0 2220 58 0 0 0 0 0 76 58 0 0 0 0 0 0
   7      21 loop21 230 0 8274 56 0 0 0 0 0 508 56 0 0 0 0 0 0
   7      22 loop22 43 0 700 28 0 0 0 0 0 44 28 0 0 0 0 0 0
   7      23 loop23 52 0 2166 33 0 0 0 0 0 48 33 0 0 0 0 0 0
   7      24 loop24 57 0 2188 44 0 0 0 0 0 52 44 0 0 0 0 0 0
   7      25 loop25 43 0 696 32 0 0 0 0 0 48 32 0 0 0 0 0 0
   7      26 loop26 32 0 628 3 0 0 0 0 0 56 3 0 0 0 0 0 0
   7      27 loop27 755 0 57982 182 0 0 0 0 0 1712 182 0 0 0 0 0 0
   7      28 loop28 20 0 108 7 0 0 0 0 0 20 7 0 0 0 0 0 0
   7      29 loop29 43 0 702 28 0 0 0 0 0 44 28 0 0 0 0 0 0
   7      30 loop30 82 0 2318 49 0 0 0 0 0 64 49 0 0 0 0 0 0
   7      31 loop31 417 0 39634 93 0 0 0 0 0 384 93 0 0 0 0 0 0
   7      32 loop32 11 0 28 0 0 0 0 0 0 4 0 0 0 0 0 0 0
