00000047
00000012
88888888898800010203040590060000
0000000000000000000c000000000000
00000000000000000003000000010000
00000000000000000004000000020000
00000000000000000009000000030000
000000000000000800ff000101000000
00000000000000000000000101010000
00000000000000000000000101020000
00000000000000000000000101030000
00000000000000000003000102000000
00000000000000000004000102010000
00000000000000000005000102020000
00000000000000000000000102030000
00000000000000000001000102040000
00000000000000000002000102050000
00000000000000000006000102060000
00000000000000000007000102070000
00000000000000000001000100020000
